# unix_time, cycles_done, cur_path, paths_total, pending_total, pending_favs, map_size, unique_crashes, unique_hangs, max_depth, execs_per_sec
1738116487, 0, 0, 179, 179, 66, 5.61%, 0, 0, 1, 209.97
1738116492, 0, 3, 179, 179, 66, 5.61%, 0, 0, 1, 17.58
1738116548, 0, 3, 202, 202, 66, 5.80%, 0, 0, 2, 109.06
1738116553, 0, 3, 213, 213, 66, 5.81%, 0, 0, 2, 19.55
1738116558, 0, 3, 224, 224, 66, 5.81%, 0, 0, 2, 22.25
1738116564, 0, 3, 235, 235, 66, 5.81%, 0, 0, 2, 22.35
1738116569, 0, 3, 245, 245, 66, 5.81%, 0, 0, 2, 21.74
1738116574, 0, 3, 253, 253, 66, 5.81%, 0, 0, 2, 20.11
1738116579, 0, 3, 268, 268, 66, 5.81%, 0, 0, 2, 32.28
1738116584, 0, 3, 279, 279, 66, 5.81%, 0, 0, 2, 28.84
1738116589, 0, 3, 286, 286, 66, 5.81%, 0, 0, 2, 20.95
1738116594, 0, 3, 293, 293, 66, 5.81%, 0, 0, 2, 20.70
1738116599, 0, 3, 300, 300, 66, 5.81%, 0, 0, 2, 19.99
1738116604, 0, 3, 306, 306, 66, 5.81%, 0, 0, 2, 20.14
1738116609, 0, 3, 313, 313, 66, 5.81%, 0, 0, 2, 20.15
1738116615, 0, 3, 318, 318, 66, 5.81%, 0, 0, 2, 19.20
1738116620, 0, 3, 326, 326, 66, 5.81%, 0, 0, 2, 18.29
1738116625, 0, 3, 333, 333, 66, 5.81%, 0, 0, 2, 18.03
1738116630, 0, 3, 337, 337, 66, 5.81%, 0, 0, 2, 18.15
1738116635, 0, 3, 339, 339, 66, 5.81%, 0, 0, 2, 17.97
1738116640, 0, 3, 341, 341, 66, 5.81%, 0, 0, 2, 18.45
1738116645, 0, 3, 347, 347, 66, 5.81%, 0, 0, 2, 20.25
1738116655, 0, 3, 349, 349, 66, 5.81%, 0, 0, 2, 18.09
1738116666, 0, 3, 351, 351, 66, 5.81%, 0, 0, 2, 17.68
1738116671, 0, 3, 354, 354, 66, 5.81%, 0, 0, 2, 18.48
1738116676, 0, 3, 356, 356, 66, 5.81%, 0, 0, 2, 18.66
1738116681, 0, 3, 357, 357, 66, 5.81%, 0, 0, 2, 19.03
1738116686, 0, 3, 359, 359, 66, 5.81%, 0, 0, 2, 18.08
1738116691, 0, 3, 361, 361, 66, 5.81%, 0, 0, 2, 17.79
1738116701, 0, 3, 364, 364, 66, 5.81%, 0, 0, 2, 18.38
1738116706, 0, 3, 369, 369, 66, 5.81%, 0, 0, 2, 17.97
1738116711, 0, 3, 372, 372, 66, 5.81%, 0, 0, 2, 18.59
1738116727, 0, 3, 373, 373, 66, 5.81%, 0, 0, 2, 17.31
1738116732, 0, 3, 374, 374, 66, 5.81%, 0, 0, 2, 17.59
1738116737, 0, 3, 376, 376, 66, 5.81%, 0, 0, 2, 17.93
1738116742, 0, 3, 378, 378, 66, 5.81%, 0, 0, 2, 17.42
1738116747, 0, 3, 382, 382, 66, 5.81%, 0, 0, 2, 17.73
1738116752, 0, 3, 383, 383, 66, 5.81%, 0, 0, 2, 17.17
1738116757, 0, 3, 385, 385, 66, 5.81%, 0, 0, 2, 18.05
1738116762, 0, 3, 387, 387, 66, 5.81%, 0, 0, 2, 17.92
1738116778, 0, 3, 390, 390, 66, 5.81%, 0, 0, 2, 17.86
1738116783, 0, 3, 392, 392, 66, 5.81%, 0, 0, 2, 17.30
1738116793, 0, 3, 393, 393, 66, 5.81%, 0, 0, 2, 17.42
1738116803, 0, 3, 395, 395, 66, 5.81%, 0, 0, 2, 18.20
1738116808, 0, 3, 396, 396, 66, 5.81%, 0, 0, 2, 17.85
1738116829, 0, 3, 397, 397, 66, 5.81%, 0, 0, 2, 17.73
1738116844, 0, 3, 398, 398, 66, 5.81%, 0, 0, 2, 17.23
1738116849, 0, 3, 400, 400, 66, 5.81%, 0, 0, 2, 17.62
1738116860, 0, 3, 402, 402, 66, 5.81%, 0, 0, 2, 17.22
1738116870, 0, 3, 403, 403, 66, 5.81%, 0, 0, 2, 16.99
1738116906, 0, 3, 404, 404, 66, 5.81%, 0, 0, 2, 16.39
1738116911, 0, 3, 405, 405, 66, 5.81%, 0, 0, 2, 16.64
1738116931, 0, 3, 406, 406, 66, 5.81%, 0, 0, 2, 16.82
1738116936, 0, 3, 408, 408, 66, 5.81%, 0, 0, 2, 17.33
1738116941, 0, 3, 409, 409, 66, 5.81%, 0, 0, 2, 17.96
1738116947, 0, 3, 410, 410, 66, 5.81%, 0, 0, 2, 18.20
1738116952, 0, 3, 411, 411, 66, 5.81%, 0, 0, 2, 17.66
1738116957, 0, 3, 412, 412, 66, 5.81%, 0, 0, 2, 17.19
1738116962, 0, 3, 413, 413, 66, 5.81%, 0, 0, 2, 16.55
1738116967, 0, 3, 414, 414, 66, 5.81%, 0, 0, 2, 17.93
1738116977, 0, 3, 415, 415, 66, 5.81%, 0, 0, 2, 17.20
1738116983, 0, 3, 416, 416, 66, 5.81%, 0, 0, 2, 16.95
1738116993, 0, 3, 417, 417, 66, 5.81%, 0, 0, 2, 16.06
1738117008, 0, 3, 419, 419, 66, 5.81%, 0, 0, 2, 16.49
1738117018, 0, 3, 420, 420, 66, 5.81%, 0, 0, 2, 17.36
1738117100, 0, 3, 421, 421, 66, 5.81%, 0, 0, 2, 16.75
1738117152, 0, 3, 422, 422, 66, 5.81%, 0, 0, 2, 17.66
1738117188, 0, 3, 423, 423, 66, 5.81%, 0, 0, 2, 16.13
1738117570, 0, 3, 424, 424, 66, 5.81%, 0, 0, 2, 15.15
1738117586, 0, 3, 425, 425, 66, 5.81%, 0, 0, 2, 15.27
1738117683, 0, 3, 427, 427, 66, 5.82%, 0, 0, 2, 14.92
1738117688, 0, 3, 432, 432, 66, 5.88%, 0, 0, 2, 15.04
1738117693, 0, 3, 435, 435, 66, 5.89%, 0, 0, 2, 361.39
1738117759, 0, 3, 437, 437, 66, 5.89%, 0, 0, 2, 18.81
1738117769, 0, 3, 438, 438, 66, 5.89%, 0, 0, 2, 18.14
1738117780, 0, 3, 439, 439, 66, 5.89%, 0, 0, 2, 18.47
1738117810, 0, 3, 440, 440, 66, 5.89%, 0, 0, 2, 17.87
1738117816, 0, 3, 441, 441, 66, 5.89%, 0, 0, 2, 17.77
1738117856, 0, 3, 442, 442, 66, 5.89%, 0, 0, 2, 18.20
1738117872, 0, 3, 443, 443, 66, 5.89%, 0, 0, 2, 17.86
1738118353, 0, 3, 444, 444, 66, 5.89%, 0, 0, 2, 15.69
1738118876, 0, 6, 444, 443, 90, 5.89%, 0, 0, 2, 52.78
1738118881, 0, 6, 453, 452, 90, 5.97%, 0, 0, 2, 28.18
1738118886, 0, 6, 457, 456, 90, 5.98%, 0, 0, 2, 43.75
1738118896, 0, 6, 464, 463, 90, 5.98%, 0, 0, 2, 39.85
1738118901, 0, 6, 468, 467, 90, 5.98%, 0, 0, 2, 35.61
1738118907, 0, 6, 471, 470, 90, 5.98%, 0, 0, 2, 37.19
1738118912, 0, 6, 476, 475, 90, 5.98%, 0, 0, 2, 36.27
1738118917, 0, 6, 480, 479, 90, 5.98%, 0, 0, 2, 34.06
1738118922, 0, 6, 482, 481, 90, 5.98%, 0, 0, 2, 32.87
1738118932, 0, 6, 483, 482, 90, 5.98%, 0, 0, 2, 30.08
1738118937, 0, 6, 484, 483, 90, 5.98%, 0, 0, 2, 31.67
1738118963, 0, 6, 485, 484, 90, 5.98%, 0, 0, 2, 37.20
1738118984, 0, 6, 487, 486, 90, 5.98%, 0, 0, 2, 33.19
1738118994, 0, 6, 488, 487, 90, 5.99%, 0, 0, 2, 41.96
1738119009, 0, 6, 489, 488, 90, 5.99%, 0, 0, 2, 35.78
1738119014, 0, 6, 490, 489, 90, 5.99%, 0, 0, 2, 33.67
1738119056, 0, 6, 491, 490, 90, 5.99%, 0, 0, 2, 43.06
1738119081, 0, 6, 492, 491, 90, 5.99%, 0, 0, 2, 45.37
1738119147, 0, 6, 493, 492, 90, 5.99%, 0, 0, 2, 41.71
1738119475, 0, 6, 494, 493, 90, 5.99%, 0, 0, 2, 240.71
1738119536, 0, 6, 495, 494, 90, 5.99%, 0, 0, 2, 41.65
1738119541, 0, 6, 496, 495, 90, 5.99%, 0, 0, 2, 37.38
1738119791, 0, 6, 497, 496, 90, 5.99%, 0, 0, 2, 32.85
1738119858, 0, 6, 498, 497, 90, 5.99%, 0, 0, 2, 186.54
1738119863, 0, 6, 499, 498, 90, 6.00%, 0, 0, 2, 27.78
1738119981, 0, 6, 500, 499, 90, 6.00%, 0, 0, 2, 35.98
1738120042, 0, 6, 501, 500, 90, 6.00%, 0, 0, 2, 32.27
1738120048, 0, 6, 504, 503, 90, 6.00%, 0, 0, 2, 92.74
1738120058, 0, 6, 505, 504, 90, 6.00%, 0, 0, 2, 114.56
1738120063, 0, 6, 506, 505, 90, 6.00%, 0, 0, 2, 114.99
1738120073, 0, 6, 507, 506, 90, 6.00%, 0, 0, 2, 113.32
1738120083, 0, 6, 508, 507, 90, 6.00%, 0, 0, 2, 107.30
1738120094, 0, 6, 509, 508, 90, 6.01%, 0, 0, 2, 112.26
1738120212, 0, 6, 510, 509, 90, 6.01%, 0, 0, 2, 125.19
1738120258, 0, 7, 510, 508, 113, 6.01%, 0, 0, 2, 31.07
1738120263, 0, 7, 514, 512, 113, 6.02%, 0, 0, 2, 37.43
1738120268, 0, 7, 515, 513, 113, 6.02%, 0, 0, 2, 44.08
1738120273, 0, 7, 524, 522, 113, 6.02%, 0, 0, 2, 41.33
1738120278, 0, 7, 533, 531, 113, 6.02%, 0, 0, 2, 38.30
1738120283, 0, 7, 539, 537, 113, 6.02%, 0, 0, 2, 35.00
1738120288, 0, 7, 542, 540, 113, 6.02%, 0, 0, 2, 33.29
1738120293, 0, 7, 547, 545, 113, 6.02%, 0, 0, 2, 31.54
1738120299, 0, 7, 552, 550, 113, 6.02%, 0, 0, 2, 31.32
1738120304, 0, 7, 555, 553, 113, 6.02%, 0, 0, 2, 30.45
1738120309, 0, 7, 556, 554, 113, 6.02%, 0, 0, 2, 31.43
1738120335, 0, 7, 557, 555, 113, 6.02%, 0, 0, 2, 40.52
1738120360, 0, 7, 558, 556, 113, 6.02%, 0, 0, 2, 30.76
