# unix_time, cycles_done, cur_path, paths_total, pending_total, pending_favs, map_size, unique_crashes, unique_hangs, max_depth, execs_per_sec
1738193156, 0, 0, 179, 179, 62, 5.57%, 0, 0, 1, 213.86
1738193161, 0, 3, 180, 179, 62, 5.58%, 0, 0, 2, 34.28
1738193217, 0, 3, 195, 194, 62, 5.69%, 0, 0, 2, 15.62
1738193222, 0, 3, 208, 207, 62, 5.76%, 0, 0, 2, 84.11
1738193228, 0, 3, 221, 220, 62, 5.77%, 0, 0, 2, 20.81
1738193233, 0, 3, 229, 228, 62, 5.77%, 0, 0, 2, 21.18
1738193238, 0, 3, 241, 240, 62, 5.77%, 0, 0, 2, 21.88
1738193243, 0, 3, 250, 249, 62, 5.77%, 0, 0, 2, 20.58
1738193248, 0, 3, 261, 260, 62, 5.77%, 0, 0, 2, 30.29
1738193253, 0, 3, 274, 273, 62, 5.77%, 0, 0, 2, 30.27
1738193258, 0, 3, 283, 282, 62, 5.77%, 0, 0, 2, 22.21
1738193263, 0, 3, 289, 288, 62, 5.77%, 0, 0, 2, 21.01
1738193269, 0, 3, 296, 295, 62, 5.77%, 0, 0, 2, 22.22
1738193274, 0, 3, 302, 301, 62, 5.77%, 0, 0, 2, 20.98
1738193279, 0, 3, 309, 308, 62, 5.77%, 0, 0, 2, 19.59
1738193284, 0, 3, 314, 313, 62, 5.77%, 0, 0, 2, 19.84
1738193289, 0, 3, 321, 320, 62, 5.77%, 0, 0, 2, 17.50
1738193294, 0, 3, 329, 328, 62, 5.77%, 0, 0, 2, 17.76
1738193299, 0, 3, 335, 334, 62, 5.77%, 0, 0, 2, 17.24
1738193304, 0, 3, 338, 337, 62, 5.77%, 0, 0, 2, 18.08
1738193309, 0, 3, 340, 339, 62, 5.77%, 0, 0, 2, 18.05
1738193315, 0, 3, 342, 341, 62, 5.77%, 0, 0, 2, 17.60
1738193320, 0, 3, 346, 345, 62, 5.77%, 0, 0, 2, 18.77
1738193325, 0, 3, 349, 348, 62, 5.77%, 0, 0, 2, 17.66
1738193335, 0, 3, 351, 350, 62, 5.77%, 0, 0, 2, 17.80
1738193340, 0, 3, 353, 352, 62, 5.77%, 0, 0, 2, 17.41
1738193346, 0, 3, 355, 354, 62, 5.77%, 0, 0, 2, 17.53
1738193351, 0, 3, 358, 357, 62, 5.77%, 0, 0, 2, 17.92
1738193361, 0, 3, 361, 360, 62, 5.77%, 0, 0, 2, 17.64
1738193366, 0, 3, 363, 362, 62, 5.77%, 0, 0, 2, 17.26
1738193376, 0, 3, 365, 364, 62, 5.77%, 0, 0, 2, 18.17
1738193381, 0, 3, 370, 369, 62, 5.77%, 0, 0, 2, 18.02
1738193386, 0, 3, 372, 371, 62, 5.77%, 0, 0, 2, 18.03
1738193392, 0, 3, 373, 372, 62, 5.77%, 0, 0, 2, 17.64
1738193402, 0, 3, 374, 373, 62, 5.77%, 0, 0, 2, 17.09
1738193407, 0, 3, 375, 374, 62, 5.77%, 0, 0, 2, 17.29
1738193412, 0, 3, 377, 376, 62, 5.77%, 0, 0, 2, 17.50
1738193417, 0, 3, 379, 378, 62, 5.77%, 0, 0, 2, 17.02
1738193422, 0, 3, 382, 381, 62, 5.77%, 0, 0, 2, 16.87
1738193427, 0, 3, 384, 383, 62, 5.77%, 0, 0, 2, 17.02
1738193432, 0, 3, 386, 385, 62, 5.77%, 0, 0, 2, 17.29
1738193438, 0, 3, 388, 387, 62, 5.77%, 0, 0, 2, 17.36
1738193453, 0, 3, 390, 389, 62, 5.77%, 0, 0, 2, 16.55
1738193458, 0, 3, 392, 391, 62, 5.77%, 0, 0, 2, 17.34
1738193473, 0, 3, 393, 392, 62, 5.77%, 0, 0, 2, 17.17
1738193478, 0, 3, 394, 393, 62, 5.77%, 0, 0, 2, 18.12
1738193483, 0, 3, 396, 395, 62, 5.77%, 0, 0, 2, 18.18
1738193509, 0, 3, 397, 396, 62, 5.77%, 0, 0, 2, 17.24
1738193524, 0, 3, 399, 398, 62, 5.77%, 0, 0, 2, 17.03
1738193530, 0, 3, 400, 399, 62, 5.77%, 0, 0, 2, 17.10
1738193535, 0, 3, 401, 400, 62, 5.77%, 0, 0, 2, 16.68
1738193540, 0, 3, 403, 402, 62, 5.77%, 0, 0, 2, 16.56
1738193550, 0, 3, 404, 403, 62, 5.77%, 0, 0, 2, 16.47
1738193586, 0, 3, 405, 404, 62, 5.77%, 0, 0, 2, 16.54
1738193591, 0, 3, 407, 406, 62, 5.77%, 0, 0, 2, 15.97
1738193617, 0, 3, 409, 408, 62, 5.77%, 0, 0, 2, 16.92
1738193627, 0, 3, 411, 410, 62, 5.77%, 0, 0, 2, 17.12
1738193637, 0, 3, 413, 412, 62, 5.77%, 0, 0, 2, 16.73
1738193642, 0, 3, 414, 413, 62, 5.77%, 0, 0, 2, 16.45
1738193647, 0, 3, 415, 414, 62, 5.77%, 0, 0, 2, 18.13
1738193663, 0, 3, 416, 415, 62, 5.77%, 0, 0, 2, 16.55
1738193668, 0, 3, 417, 416, 62, 5.77%, 0, 0, 2, 16.68
1738193673, 0, 3, 418, 417, 62, 5.77%, 0, 0, 2, 15.99
1738193688, 0, 3, 419, 418, 62, 5.77%, 0, 0, 2, 16.22
1738193699, 0, 3, 420, 419, 62, 5.77%, 0, 0, 2, 17.34
1738193786, 0, 3, 421, 420, 62, 5.77%, 0, 0, 2, 16.40
1738193836, 0, 3, 422, 421, 62, 5.77%, 0, 0, 2, 17.02
1738193877, 0, 3, 423, 422, 62, 5.77%, 0, 0, 2, 15.60
1738194076, 0, 3, 424, 423, 62, 5.77%, 0, 0, 2, 15.06
1738194270, 0, 3, 425, 424, 62, 5.77%, 0, 0, 2, 14.92
1738194285, 0, 3, 426, 425, 62, 5.77%, 0, 0, 2, 14.91
1738194382, 0, 3, 427, 426, 62, 5.78%, 0, 0, 2, 14.84
1738194387, 0, 3, 433, 432, 62, 5.84%, 0, 0, 2, 14.62
1738194392, 0, 3, 435, 434, 62, 5.84%, 0, 0, 2, 1008.70
1738194397, 0, 3, 436, 435, 62, 5.84%, 0, 0, 2, 35.44
1738194458, 0, 3, 438, 437, 62, 5.84%, 0, 0, 2, 18.05
1738194469, 0, 3, 439, 438, 62, 5.84%, 0, 0, 2, 17.43
1738194479, 0, 3, 440, 439, 62, 5.84%, 0, 0, 2, 17.61
1738194515, 0, 3, 441, 440, 62, 5.84%, 0, 0, 2, 17.78
1738194520, 0, 3, 442, 441, 62, 5.84%, 0, 0, 2, 17.68
1738194561, 0, 3, 443, 442, 62, 5.84%, 0, 0, 2, 17.73
1738195337, 0, 7, 443, 441, 85, 5.84%, 0, 0, 2, 70.25
1738195342, 0, 7, 454, 452, 85, 5.92%, 0, 0, 2, 84.34
1738195347, 0, 7, 461, 459, 85, 5.94%, 0, 0, 2, 64.35
1738195352, 0, 7, 463, 461, 85, 5.94%, 0, 0, 2, 59.29
1738195358, 0, 7, 477, 475, 85, 5.94%, 0, 0, 2, 48.27
1738195363, 0, 7, 484, 482, 85, 5.94%, 0, 0, 2, 41.01
1738195368, 0, 7, 489, 487, 85, 5.94%, 0, 0, 2, 41.56
1738195373, 0, 7, 495, 493, 85, 5.94%, 0, 0, 2, 39.16
1738195378, 0, 7, 500, 498, 85, 5.94%, 0, 0, 2, 35.95
1738195383, 0, 7, 504, 502, 85, 5.94%, 0, 0, 2, 33.66
1738195394, 0, 7, 505, 503, 85, 5.95%, 0, 0, 2, 31.34
1738195399, 0, 7, 506, 504, 85, 5.95%, 0, 0, 2, 34.18
1738195414, 0, 7, 507, 505, 85, 5.95%, 0, 0, 2, 45.44
1738195434, 0, 7, 508, 506, 85, 5.95%, 0, 0, 2, 32.70
1738195445, 0, 7, 509, 507, 85, 5.95%, 0, 0, 2, 36.06
1738195460, 0, 7, 510, 508, 85, 5.95%, 0, 0, 2, 45.38
1738195470, 0, 7, 512, 510, 85, 5.95%, 0, 0, 2, 37.22
1738195537, 0, 7, 513, 511, 85, 5.95%, 0, 0, 2, 130.26
1738195547, 0, 7, 514, 512, 85, 5.95%, 0, 0, 2, 101.20
1738195588, 0, 7, 515, 513, 85, 5.95%, 0, 0, 2, 49.21
1738195598, 0, 7, 516, 514, 85, 5.95%, 0, 0, 2, 47.48
1738195603, 0, 7, 517, 515, 85, 5.95%, 0, 0, 2, 45.94
